SECRET_KEY="[ 184, 193, 111, 105, 244,  12, 225,  76,  56,  37,  76,
  124, 180, 252, 157, 172,  97, 165, 112, 123,  26,  31,
  216, 162, 226, 168, 192, 229,  59,  88, 160, 249,   1,
   50, 198, 162, 158,  71, 115, 182,   3, 119,  98, 195,
   21, 123, 185,  17, 110,  82, 252, 147, 121,  63, 112,
    7, 199, 195,  28, 241, 115, 152, 185, 218]"

SECRET_KEY_2="[127,  57, 166, 194, 128,  98, 158,  79,   0, 165, 151,
   63,  32, 247, 203,  28,   6, 185, 180,  28, 237, 148,
  131, 231,  63, 184, 174,  12, 210,  13, 144,  23, 192,
  254, 241, 202, 213, 252,  14, 163, 183, 109,  30, 108,
  111, 122,  95,  28, 224, 165, 204, 123,  76,  91, 154,
  102, 110, 147, 227, 156, 130,  84, 125, 234]"